type,matrix_width,grid_dim,block_dim,t_copy_to_device,t_copy_from_device,t_mm
1,32,1,32,0.687708,0.02805,39.0173,
1,64,2,32,0.03364,0.015721,1.37684,
1,128,4,32,0.04581,0.021841,1.74795,
1,256,8,32,0.090251,0.135431,1.32985,
1,512,16,32,0.262903,0.501186,2.06509,
1,1024,32,32,0.732748,1.25317,3.08626,
1,2048,64,32,3.09035,3.51125,16.6426,
1,4096,128,32,11.4105,12.0732,118.338,
1,8192,256,32,44.222,46.8011,937.374,
1,16384,512,32,175.552,186.349,7497.57,


0,32,1,32,0.03069,0.01395,1.59272,
0,64,2,32,0.032231,0.015621,1.61422,
0,128,4,32,0.044891,0.02199,1.20782,
0,256,8,32,0.086991,0.134912,1.49905,
0,512,16,32,0.263353,0.563086,1.28804,
0,1024,32,32,0.740219,1.25388,3.44784,
0,2048,64,32,3.12273,3.58924,15.1539,
0,4096,128,32,11.3933,12.6758,1665.87,
0,8192,256,32,44.2272,47.7809,888.177,
0,16384,512,32,175.547,186.538,7204.6,

WITH L1 CACHE TURNED OFF:

 
0,32,1,32,0.669598,0.025941,37.3411,
0,64,2,32,0.03504,0.01488,1.24917,
0,128,4,32,0.046251,0.02243,1.71385,
0,256,8,32,0.088331,0.132311,1.133,
0,512,16,32,0.262653,0.495795,2.25462,
0,1024,32,32,0.739939,1.25709,4.95872,
0,2048,64,32,3.14035,3.62511,30.1998,
0,4096,128,32,11.4085,12.1067,231.85,
0,8192,256,32,44.3291,47.5899,1824.03,
0,16384,512,32,175.735,186.752,14625.1,
 
1,32,1,32,0.031551,0.01359,1.24629,
1,64,2,32,0.034641,0.01553,1.76057,
1,128,4,32,0.046041,0.02246,1.27568,
1,256,8,32,0.089351,0.136472,2.02625,
1,512,16,32,0.260683,0.493426,1.50681,
1,1024,32,32,0.741219,1.24118,3.6867,
1,2048,64,32,3.14713,3.45536,16.1363,
1,4096,128,32,11.4789,12.1318,119.415,
1,8192,256,32,44.3183,46.9257,936.688,
1,16384,512,32,175.58,192.104,7490.31,
[31m***
*** Error - Allocation of Memory failed!!!
***[0m
