type,matrix_width,grid_dim,block_dim,t_copy_to_device,t_copy_from_device,t_mm
 1,2048,1024,2,3.11942,3.52547,487.034,
1,2048,512,4,3.13826,3.55198,78.3987,
1,2048,256,8,3.13004,3.46408,23.747,
1,2048,128,16,3.10765,3.5469,16.5346,
1,2048,64,32,3.16665,4.27416,17.053,
[31m***
*** Error - The number of threads per block is too big
***[0m
1,32,1,32,0.03627,0.01347,1.31208,
1,64,2,32,0.03574,0.01531,2.02454,
1,128,4,32,0.04593,0.02214,1.08845,
1,256,8,32,0.089401,0.134441,2.06514,
1,512,16,32,0.263393,0.505025,1.64123,
1,1024,32,32,0.739788,1.28574,3.96352,
1,2048,64,32,3.13605,3.5089,16.29,
1,4096,128,32,11.4153,13.2366,120.012,
1,8192,256,32,44.2773,46.9035,936.571,
1,16384,512,32,176.087,187.231,7492.55,
[31m***
*** Error - Allocation of Memory failed!!!
***[0m
